A2                  16PZ NET SOLUCOES TECN 16PZ NET              2018021400000103
G          140294265420180212201802138262000000023520369001812201801000000100000000002352               1     1401                       
G          140294265420180212201802138261000000067960369002444201801000000100000000006796               2     1401                       
G          140294265420180212201802138262000000029830369003664201712000000100000000002983               3     1401                       
G          140294265420180212201802138266000000024660369000092201712000000100000000002466               4     1401                       
G          140294265420180212201802138261000000041920369001755201801000000100000000004192               5     1401                       
G          140294265420180212201802138264000000029360369001863201711000000100000000002936               6     1401                       
G          140294265420180212201802138261000000024460369002585201712000000100000000002446               7     1401                       
G          140294265420180212201802138260000000023990369002585201801000000100000000002399               8     1401                       
G          140294265420180212201802138263000000050900369001480201801000000100000000005090               9     1401                       
G          140294265420180212201802138263000000047980369003060201712000000100000000004798              10     1401                       
G          140294265420180212201802138264000000023520369002230201801000000100000000002352              11     1401                       
G          140294265420180212201802138261000000023990369003094201711000000100000000002399              12     1401                       
G          140294265420180212201802138265000000033570369002802201801000000100000000003357              13     1401                       
G          140294265420180212201802138260000000024430369001136201712000000100000000002443              14     1401                       
G          140294265420180212201802138269000000016300369003668201801000000100000000001630              15     1401                       
G          140294265420180212201802138264000000032750369003578201801000000100000000003275              16     1401                       
G          140294265420180212201802138264000000062980369001966201801000000100000000006298              17     1401                       
G          140294265420180212201802138267000000039400369000501201801000000100000000003940              18     1401                       
G          140294265420180212201802138262000000023520369000103201801000000100000000002352              19     1401                       
G          140294265420180212201802138265000000023990369000103201712000000100000000002399              20     1401                       
G          140294265420180212201802138260000000023520369003174201801000000100000000002352              21     1401                       
G          140294265420180212201802138266000000049550369003563201801000000100000000004955              22     1401                       
G          140294265420180212201802138260000000023990369001783201712000000100000000002399              23     1401                       
G          140294265420180212201802138260000000023990369003045201712000000100000000002399              24     1401                       
G          140294265420180212201802138261000000025970369003038201801000000100000000002597              25     1401                       
Z    27            81605
