A2                  16PZ NET SOLUCOES TECN 16PZNET               2018021200000103
G            140294262018021220180213826200000002352036900181220180100000010000000000000235200000       1     1401                       
G            140294262018021220180213826100000006796036900244420180100000010000000000000679600000       2     1401                       
G            140294262018021220180213826200000002983036900366420171200000010000000000000298300000       3     1401                       
G            140294262018021220180213826600000002466036900009220171200000010000000000000246600000       4     1401                       
G            140294262018021220180213826100000004192036900175520180100000010000000000000419200000       5     1401                       
G            140294262018021220180213826400000002936036900186320171100000010000000000000293600000       6     1401                       
G            140294262018021220180213826100000002446036900258520171200000010000000000000244600000       7     1401                       
G            140294262018021220180213826000000002399036900258520180100000010000000000000239900000       8     1401                       
G            140294262018021220180213826300000005090036900148020180100000010000000000000509000000       9     1401                       
G            140294262018021220180213826300000004798036900306020171200000010000000000000479800000      10     1401                       
G            140294262018021220180213826400000002352036900223020180100000010000000000000235200000      11     1401                       
G            140294262018021220180213826100000002399036900309420171100000010000000000000239900000      12     1401                       
G            140294262018021220180213826500000003357036900280220180100000010000000000000335700000      13     1401                       
G            140294262018021220180213826000000002443036900113620171200000010000000000000244300000      14     1401                       
G            140294262018021220180213826900000001630036900366820180100000010000000000000163000000      15     1401                       
G            140294262018021220180213826400000003275036900357820180100000010000000000000327500000      16     1401                       
G            140294262018021220180213826400000006298036900196620180100000010000000000000629800000      17     1401                       
G            140294262018021220180213826700000003940036900050120180100000010000000000000394000000      18     1401                       
G            140294262018021220180213826200000002352036900010320180100000010000000000000235200000      19     1401                       
G            140294262018021220180213826500000002399036900010320171200000010000000000000239900000      20     1401                       
G            140294262018021220180213826000000002352036900317420180100000010000000000000235200000      21     1401                       
G            140294262018021220180213826600000004955036900356320180100000010000000000000495500000      22     1401                       
G            140294262018021220180213826000000002399036900178320171200000010000000000000239900000      23     1401                       
G            140294262018021220180213826000000002399036900304520171200000010000000000000239900000      24     1401                       
G            140294262018021220180213826100000002597036900303820180100000010000000000000259700000      25     1401                       
Z    27            81605
