A2                  16PZ NET SOLUCOES TECN 16PZ NET              2018021400000103
G          1402942654201802122018021382620000000235203690018122018010000001000000  00002352               1     1401                       
G          1402942654201802122018021382610000000679603690024442018010000001000000  00006796               2     1401                       
G          1402942654201802122018021382620000000298303690036642017120000001000000  00002983               3     1401                       
G          1402942654201802122018021382660000000246603690000922017120000001000000  00002466               4     1401                       
G          1402942654201802122018021382610000000419203690017552018010000001000000  00004192               5     1401                       
G          1402942654201802122018021382640000000293603690018632017110000001000000  00002936               6     1401                       
G          1402942654201802122018021382610000000244603690025852017120000001000000  00002446               7     1401                       
G          1402942654201802122018021382600000000239903690025852018010000001000000  00002399               8     1401                       
G          1402942654201802122018021382630000000509003690014802018010000001000000  00005090               9     1401                       
G          1402942654201802122018021382630000000479803690030602017120000001000000  00004798              10     1401                       
G          1402942654201802122018021382640000000235203690022302018010000001000000  00002352              11     1401                       
G          1402942654201802122018021382610000000239903690030942017110000001000000  00002399              12     1401                       
G          1402942654201802122018021382650000000335703690028022018010000001000000  00003357              13     1401                       
G          1402942654201802122018021382600000000244303690011362017120000001000000  00002443              14     1401                       
G          1402942654201802122018021382690000000163003690036682018010000001000000  00001630              15     1401                       
G          1402942654201802122018021382640000000327503690035782018010000001000000  00003275              16     1401                       
G          1402942654201802122018021382640000000629803690019662018010000001000000  00006298              17     1401                       
G          1402942654201802122018021382670000000394003690005012018010000001000000  00003940              18     1401                       
G          1402942654201802122018021382620000000235203690001032018010000001000000  00002352              19     1401                       
G          1402942654201802122018021382650000000239903690001032017120000001000000  00002399              20     1401                       
G          1402942654201802122018021382600000000235203690031742018010000001000000  00002352              21     1401                       
G          1402942654201802122018021382660000000495503690035632018010000001000000  00004955              22     1401                       
G          1402942654201802122018021382600000000239903690017832017120000001000000  00002399              23     1401                       
G          1402942654201802122018021382600000000239903690030452017120000001000000  00002399              24     1401                       
G          1402942654201802122018021382610000000259703690030382018010000001000000  00002597              25     1401                       
Z    27            81605
